64840140
61378925
73635693
00489778
73634107
65992211
19015291
73633283
03352871
63024888
73635014
65080025
02510928
05065194
73635651
73632368
26520028
63433958
62156080
26520443
14503336
01306685
69610151
63024829
64783561
03850056
66545498
64520056
26520397
63730693
70800502
69764433
70236828
61926612
73633658
73634662
62444620
67360378
66933811
65889916
73635405
73632759
73632376
73633119
26521105
03353168
48772267
04632184
05066271
65325770
48489034
64243621
46256598
46256601
46257993
49543008
44684258
61345407
48899658
69173648
64812791
48343706
65266242
65336330
49317920
66341906
48809462
46308385
62444271
49440586
67798489
61896080
48809489
70904316
47462728
63438798
67007341
60127881
48807885
44556870
44557078
49747584
66984319
65471369
43751148
49797611
48842583
46749241
47084456
66185351
63914158
48739693
48739456
48473634
48739677
66362695
64269302
64707521
61234231
60680628
73633828
67728359
68975376
01858033
03303306
61731315
64095011
65822439
45671991
48137553
48770370
00445151
00445100
69347166
43962726
43873499
05497302
02144034
73633372
00408344
00408352
00489174
48648884
03932583
00445142
00445118
00445134
00445126
65468953
45334439
68158181
68402899
26521024
00445231
62160974
48511684
73634174
73632325
73635324
02415178
44991584
73631663
68208278
73634751
73635936
00540838
73633135
63828324
00408379
62858807
00445355
73633020
00403415
00406414
73631744
00494453
00406538
00406481
00406431
00406163
73633089
63828359
44941439
00569631
00406503
60799293
00409839
73633003
63831244
00445223
00406104
44995776
00406422
00406180
00408263
00170224
00406546
73635413
66182565
70100969
60337842
73633046
49590588
45235201
44941960
44937601
47930063
73634000
45180326
73632953
26520923
60339241
73634310
70236445
47921218
44937342
48806510
44164114
73632899
73633453
26521067
73635677
62351052
44936427
43964591
44940998
26520681
70188769
44159854
45238642
44164335
44937377
48005894
26520788
46276262
04872461
48773514
70435618
73633071
47490462
49591215
44740484
73633607
47997885
44163967
44740778
42766796
44117434
73634841
73632741
67438512
73634697
00445193
00445215
00445185
49371517
26522942
73634891
73634948
04896637
73634981
73634964
73634999
73634913
73634956
73634921
73634930
73634972
02263823
03487679
73632465
73632848
73635189
73635286
73635294
01797051
73635308
73635316
73635219
73635227
73635235
73635243
73635588
73635251
73635596
73635260
73635278
01544004
73635715
73635839
04392728
73635855
73635782
73635898
73635847
73635880
73635804
73635821
73635812
73635863
73635791
73634387
73634484
73634425
73634450
73634417
73634441
73634433
73634557
73634468
73634476
73635111
73633721
68818424
49086910
00406147
00476684
70863211
73633682
60458011
26521385
73633631
73632783
46522182
18510949
46665471
48136093
65267991
73635383
46768041
45248842
46503561
42936314
62931270
45246441
47268701
70863601
42744326
43464343
48515752
73633992
44939493
41328523
00875058
00839345
41035526
73632767
60336528
26521032
48806749
42766214
43462162
47863561
73633674
73633178
45331154
45248087
45242704
45250855
73633810
68402911
73634689
44990260
45018316
40229939
66181127
49774034
42197449
45247935
47608358
03548899
03663353
04339061
05398991
73632805
73633399
73634093
73633968
73635120
65400143
63833069
73632791
45701903
69154490
73631035
68911599
73635928
73635952
00394190
00127370
62936611
00445240
68407408
45239282
49626167
73635511
73634778
64839991
03397173
47514329
73633429
05174490
43752080
46523910
70226148
44469896
73633437
73634409
69976627
43498485
46797467
73633909
73635391
49324357
43464637
15054519
49368222
60150556
70810729
49026852
49753053
73633445
04265980
73633941
26520800
70900019
18189806
44469152
44472706
46769382
47489839
46770321
68211091
26520826
63263416
47003537
47009951
46524282
60884193
47009730
73634794
47224444
73635430
49056441
62529919
73633950
26520818
73633852
02673266
73634531
48548855
04861388
60435194
61381098
73633933
73633861
73633917
73633925
73633895
05324696
47072989
26520851
73633879
45845271
73633887
62769111
44740620
42887968
03422721
47068531
49368265
73635154
48329151
70846596
45598509
46707107
45980144
73632945
66110670
65050495
04826663
47084359
69897972
73633461
73631469
73631477
70805482
26521202
73631485
73633186
70805792
26521211
15270149
73633241
26521229
65497023
70803731
26521237
70818339
26521261
47722908
49828177
47512806
48648418
49325523
48931721
49463462
43751237
44473591
49137425
62159844
60552743
49467964
44992998
48621412
60802359
44470134
48156361
46405461
73632295
48324191
46750339
64771784
73632309
47235063
47721146
48931578
61238945
18249213
46790144
46772227
47733632
15054951
69838950
48847674
43379206
46797963
42731941
26520761
47733535
48344591
48317870
43498523
43499465
48838659
64783031
47895373
47862904
65666224
44478925
44469071
15060748
48461962
73632317
18249582
47511401
45211299
73631655
45237930
48144291
60102985
47184361
48653942
46936645
47248572
49563165
64520994
65991435
16389000
44740891
18757642
46936831
60045434
45237972
47477261
46260111
45598673
43378803
42409217
46787798
18229808
47659327
18230822
46416854
48613789
48452327
61882151
48613215
48678805
46771484
46391703
45332282
45598665
60780461
60382805
15054888
62697374
46406310
47899077
49314432
49563173
44468580
65400828
66492262
46745076
45829128
47010002
46769978
15045579
45211248
46772138
60120797
46762256
43500013
47530316
47722517
49520083
49180487
45669201
42718473
49026569
43509967
42140021
47007761
62729144
18229212
45659681
48452831
64809196
60336013
43378854
44224061
62444441
47998318
65336992
45238367
47366044
46406328
45236879
65468368
44938802
65494130
63555361
46496491
45826609
45035709
48255602
45332428
45333700
46764534
64732983
47491591
48772801
47608595
45701814
47610484
48551589
48550698
48136875
48547972
62941909
63830281
48551759
66002753
61381721
48136671
49276361
47610760
49370057
45772720
49366157
64937127
47529814
60156023
47998431
48333123
60103281
48894052
47919507
18190073
62335014
64783090
48772992
47694220
46768751
43379371
46797556
46998063
45211337
47655909
43378960
26521491
48650226
46406204
48772461
65265254
47500280
46797653
43379192
48925721
46634053
18249159
69535329
60816741
64629368
47999217
65018907
47366001
49325906
47697024
46069666
49335693
46768882
47443031
69838968
47467011
46256300
44225563
44940068
46311050
46762027
43465013
70892652
48003948
43751911
60781068
48804967
45332151
47658983
43509959
15054683
47658355
49463934
46797581
48931560
46391282
47658347
42409233
43379711
43380611
46483331
47810564
46276815
26520753
43464335
47659068
47658657
44470118
46311432
45669180
65248911
73633500
73633526
73633496
73632732
73633518
69624577
69576068
69609853
69576050
69609829
69624585
69624593
69609837
69609811
69576009
69576017
69609802
73631361
69609861
69576025
65468643
73634875
69576041
69609799
69609781
69609845
69576033
69649481
67027181
68781091
73634611
68975171
67029884
66365988
66363497
69780072
69346241
68402902
69061769
62543377
26522705
68520590
68422458
73632996
00438341
60885424
26521245
05380561
01374893
26521253
73635090
73631493
73631507
73634573
47608846
69609772
65890418
73635871
68727593
73632813
73634671
73632571
68378947
73634727
70854700
73634247
05568170
69609756
47475111
03965058
46744860
73634361
04116496
02864711
42634458
65018893
05482704
00479365
47366567
60860871
68521979
00406520
64806634
70849421
46771930
02631008
63257459
00488011
18383807
41031326
16734785
49629891
48505293
44227922
68731213
70885931
70887241
70888311
26522659
73634379
70889074
60816732
00406511
73631752
60990198
60162953
73633577
70835071
61381683
66933218
66003555
73634018
68298081
00481700
00403407
00406210
45020477
66361133
47559721
73631736
43751083
65268849
48549126
47654058
73632287
49466453
70816506
46718052
41695356
26522667
73633615
48809314
00531855
00403423
00677132
60083590
73633330
00406473
00406155
00530204
73633208
73633691
00475335
00406121
60447281
60103221
00406457
00530883
00406171
00390305
43960529
47921871
00406881
65350367
00406660
15531678
15531686
63434881
61985180
68383461
48514276
73632252
66182221
47814446
61384461
61883069
68298897
66934907
00390402
00494330
61382108
43005683
26521181
73635022
47810297
73634271
62695720
48621609
00415090
43005314
64330672
00460541
02119561
26522730
69649421
73632635
69206546
26522748
73632937
45215987
26522756
26522764
26522772
26522781
26522799
70623554
26522802
26522811
26522829
26522837
68919182
26522845
73632210
73632228
66739632
49779681
26522853
26521865
73632236
70238600
26522861
73633739
26522870
26522888
26522896
73632244
26522900
26522918
70418985
00408387
65353056
04245997
73631451
73635375
63025159
73635146
60072709
45334692
73633160
14451115
60799358
73635057
73633585
73631639
44990243
73634212
70848891
66740061
73634832
73631566
73631388
73631256
73631574
73631582
73631264
73631591
73631272
73631281
01284665
73634824
73631299
73631523
73631612
73631302
73632341
73633470
73633640
73631213
73631311
73631396
73631418
73631400
73631621
73633101
04547497
68321554
00402583
70417831
65350685
70516103
70536953
26522969
66739799
26522985
26522993
26521504
70841888
73633411
73630977
26521512
73630985
73630969
26522977
70863989
70909776
73632180
73632198
73632775
73634859
70238081
73633143
63029391
60784130
73634191
73635081
73635731
01425820
73634182
73634808
18572341
69058539
73631795
47560240
64991814
73631809
63787229
45658889
69084815
60336773
62769286
62013246
26520842
69649839
68422814
62160982
62160842
62160931
62160834
62156501
62160818
62160958
62160966
62160923
62729241
70314624
73631353
48679402
65248414
26521083
73631116
62729292
63778459
48648558
61239151
64039587
68544138
65010647
68549776
69114200
68550324
64840620
62695711
61239160
65079884
26520893
65972031
64018776
64783022
64991482
65018010
64018784
64676978
60882204
65764439
70899355
64669785
73631817
63787211
49593684
62697463
73631825
60104341
64479145
65669975
67440673
66344409
69211078
70239843
26520907
64753174
64479536
62695649
64809404
66112184
62729284
69652759
68544111
69114463
64669777
62729306
64668851
68911785
60117800
65765249
62012673
70821003
60820691
68983476
68544154
68784261
64628957
69084823
69060541
66344441
68997809
64989305
61882941
64227197
66751446
69767289
26522039
69061076
68544146
70128260
68333251
63414601
69609721
65264436
26520524
65763611
68730420
61239178
69173222
46749985
62770608
70899371
62772252
64209628
64991822
63125528
62014811
70914869
64018792
46773223
70128278
62729314
65018028
68817967
69061190
70853762
69114056
73633224
68520956
48679399
68784295
62454200
67980252
73631833
48804011
62675401
63414619
63125536
46503935
67026818
62695690
61239186
70803498
68998287
68998295
64812715
63778467
62695703
70897760
62729233
70128251
64732975
64991547
70258902
47815281
64628965
49593935
60336781
60336790
49593927
60336625
60336749
60336617
73631108
49593781
49593676
48804029
70909296
68997795
64244385
62859536
64018768
60336757
65941713
70540772
64354270
68785151
70830509
26521075
62729322
63828871
60435054
26521351
69060291
60456701
68407254
70818835
63111667
69342181
26521199
68407653
63839555
73631841
69058172
63111675
68405197
70103887
66003440
70804451
70866767
63113503
26520931
70099821
63109352
62940601
63110873
63110423
67798438
66000165
65998651
66000157
64244652
62013211
64989143
68382049
61905291
47922737
03553701
68997787
68378572
67980244
68783141
46773215
69059462
69060398
68544723
64227189
60336765
65893557
70894043
26520869
62012711
67028454
60117796
68817975
62770616
26521156
65018150
68817983
73631850
65640136
64989291
70283222
68544731
64627225
64202003
26520915
62013220
73632911
73631868
73631671
64201805
63153467
63153475
69764671
64095061
61239381
69767271
66112630
47560266
65744535
73631698
49593803
49111604
64201813
69061432
60338695
73631876
65956567
49460846
70894035
49593790
46503820
47560274
65891422
64227201
66931878
66931860
65715489
64669793
46773231
70892920
68550766
67672060
49593943
64201473
61731081
61239062
62014889
60117788
60575603
48899178
47560258
62182587
70280118
00460524
60163291
48896641
65349296
73633321
05442397
73634085
73634867
05467811
00460532
73631094
73634646
02688999
65340477
05177448
64355608
48326747
47930560
48623814
70818134
73632988
46746595
15060233
66344999
45979855
73633984
73633755
45599696
66388830
18189750
49543547
26520699
73632902
65189418
70828920
73634026
60102411
62331035
49753185
46492160
47224541
43852564
49325515
73634280
45180270
48380199
46797572
73635502
44477309
69093083
64388441
73633275
70806837
26520991
43465439
44018886
48489336
48770892
44225512
44468920
41881133
65841875
46762035
73635545
73634603
73635359
70229619
70229589
70148261
70102465
70155038
70229627
70156085
70566909
70229601
70229597
64990818
00441848
68833521
00569089
68941871
02776804
73634051
73634565
64355519
02466775
04417950
04686659
70808465
01446282
61883085
26520427
70888230
03497828
73632929
70808457
70102627
18629130
70102635
26520435
65601742
15054896
73633356
73635618
00445177
73632856
04624190
73635065
73635006
65351576
73634034
73634042
73631931
73631949
73635332
26521393
66185840
73631957
69651906
73631965
73635341
73633712
73631981
70903913
73631990
73635626
73632007
73631051
73634620
69648557
73632015
73632023
63555476
73634581
73634522
73632171
69342750
03515524
70908621
73632031
73632040
26521407
26521415
73632058
26521571
73632066
73630993
04038487
65805950
26520885
26521563
03759407
73634298
04034015
26521598
66684684
73635600
26521601
66185971
73632074
26521610
26521580
26521628
01944169
73633194
73632082
69459347
73632091
15886077
68402503
01968483
67363806
73634131
73634905
73632872
73635162
70236143
73634123
26521636
05646952
66185858
26520877
73632864
73635448
73632104
73631027
73632881
26521644
65888863
70936587
73631019
73631001
73632112
73632121
26521661
26521679
73632139
73632147
73632155
47724323
73634638
73632163
26521652
73634239
73632201
68347219
03096483
65822641
26521687
73635685
73633836
73633844
26520940
69059632
65400232
00441830
47067039
01383868
64936309
48548472
70874298
00169757
00406465
00406911
13695860
70835110
70824118
48481696
04062892
73634549
73634786
47610093
65352513
68333145
68521375
61345687
68299419
73631884
68911424
65764862
68785208
68321589
46746501
70106231
68918836
68177828
48808946
26521041
68209061
49774051
73631892
73631906
68299435
73631914
68299427
73631922
73635634
61385808
69765561
62180011
73635197
63731843
73631761
67981585
26521016
73634115
70151075
26521369
73633232
68383266
64630935
66365031
04322631
70101507
64124789
73633305
62769642
73633402
46998497
49279513
65350065
61383767
44846355
48549851
73633097
60164867
60459557
26520508
26520605
48135372
49625331
63110628
61380938
60456434
65941691
65993969
62161300
67006426
61380806
61380814
73633011
49087169
43498477
48282553
47474521
46403523
46745548
42716845
68784813
42939534
46718141
43465099
44226349
46503811
46402721
62693255
46718176
48282189
44469144
46747184
64806383
44468792
47792477
49520661
15060535
15054748
46717234
42717124
60885840
48282464
49864076
47767987
43465196
46745599
46483161
15060527
43498035
15054659
49334301
44477589
43465242
48145378
47224835
16390113
70836574
62726943
15045790
47792531
47792647
60118814
46456538
44471041
15060713
47478136
46745611
46770151
63782863
47326778
49120522
61345415
42717159
63124963
66288428
46523995
48282316
62691139
64225569
63788314
49124099
46523936
49324675
62797557
49123921
61345334
45828041
46717935
46456244
15045463
60103086
47474092
15060586
49087304
49294067
46391380
65050410
46771719
62769847
47501103
49888064
47466570
47499109
48282260
44471467
49124064
43256848
42396565
60821086
47489014
42743052
48932612
69980446
62075811
60664983
45215405
66344778
60253843
64125637
66363420
66185157
70812152
63782600
61664570
47720883
62695908
65763921
64269337
46254978
42716861
62033492
46256423
64125777
60885734
63442922
62543105
67025927
26520478
65018389
63557517
70947414
70626502
65336852
49439821
68780109
49324683
42716853
63782791
60885700
65015584
61660221
47858567
48680591
61660086
65025652
46717544
66545412
64269400
49558307
68784660
69114391
48430226
48808041
64201767
43762590
62994778
65025636
26521814
60104058
62452002
68999071
63515512
62726838
63778521
70861609
62451227
47861177
65050631
48770833
60154390
48808032
47930471
66185165
64125645
49590944
46257969
67011934
62543091
46749268
64095592
60886463
47489987
67006141
65267109
64018580
62075829
65025733
65017293
49747487
48842532
61345288
60821094
47930462
64018598
70891257
68782721
63778092
45659982
49182544
62251325
65264606
47999454
48898724
63553104
49558099
49750186
62695835
61729906
48898821
69000689
69987211
70641749
47767375
63913453
48426458
48426440
64211932
48809551
70862753
48649783
48003581
47920521
69652651
66185092
46769986
49440951
18608370
15054853
46256431
47810378
61345296
65269225
65025555
70861617
63557614
18253873
62237993
68999097
64520552
49087541
65336381
66610567
46460438
67798900
62075233
65019156
67440061
45239894
65050622
61669334
64202909
46257926
46257888
47489898
65050746
65760140
62451090
65050924
62991591
62072820
61729698
69174288
48770787
65983521
26521547
70857989
15045455
62209949
63829568
49312481
48460877
49440934
61729752
48739685
48005606
66182310
65266293
48471658
70541639
70626472
64125653
26521822
65804058
64520269
62237888
46998250
26521288
63402840
70870284
62451049
61905151
48471097
64269434
61345172
62451120
48489026
46452231
46256440
47810548
66185173
68402171
65025580
66362636
62237713
73633364
64520455
69980063
47919965
45180164
47922702
62769171
63442892
63782944
65823095
69987220
65269217
47656395
63699541
49591533
64018601
64844218
18608507
46257845
61729795
60818573
61896101
61896225
68783779
65942183
66362750
47814438
64268284
64268900
46770194
69981701
66344751
62451201
64520633
46749527
62251333
49855549
62769774
46403213
68333439
48147788
47489413
46457615
44468946
64812871
65764072
47930241
61660230
48769916
48842591
60252481
60127490
61345377
66344221
65050789
64269159
45659966
46456236
65041704
65265394
49520636
61660205
65841689
47919582
61743674
64120007
43751113
48329789
61234249
65684877
68999101
44556951
62052691
65336321
65028210
49561723
65025776
46456279
65017315
69456704
61985724
46769447
63257891
65339070
62052705
64269361
65041917
44469179
26521831
69000671
48648736
49314441
61660175
46483187
62237802
46524088
48807974
49312499
49312502
62693263
49314491
60820730
63124891
69092079
48664006
44556853
63124840
60817836
49591975
65956842
46406441
62931644
46998209
65340001
65041879
65025679
44556977
66342490
26520451
47997567
62769316
47722347
65015118
68157916
68405472
64226301
26522004
44645392
73631124
18608825
64269396
60820748
44556985
26520711
67984517
64843866
26522047
64811841
26522055
48770744
64243401
64813142
47489936
45211647
60154365
60118164
62444247
62769367
49182625
48679208
62052721
49747479
65942299
63841061
61660159
65942167
60154373
64018181
65050835
46749250
61905160
46483047
65941594
63782731
49747428
63913852
18189415
64783243
26520541
00849677
63515539
48770752
65267141
64202984
68784678
62727427
48838276
61729922
46998403
49440985
65025571
26520621
65041534
65942001
66362628
63863979
62693280
49182633
49747525
60127554
63263491
60821027
62444263
63787512
44556942
62951599
64843904
65684885
47018577
64018211
65841361
47009128
45180172
49182641
62769162
69099863
48221449
63913445
60820969
44469161
49460200
69085366
48282367
67026656
69099839
65759508
64269299
63455340
49314998
64884708
64243516
67011217
46718036
70541647
26521849
63557592
26521857
60254548
69099821
62237977
60820993
47921005
48617148
48805211
63609100
66185181
46749501
65019164
64520129
47084570
62769405
63515521
63438674
65336313
48809535
66342384
48428159
46749462
49182161
64125726
45239746
65050673
60077247
66342309
62237811
60886056
46811966
45239738
64225771
63402858
62695967
66492963
47003596
49440641
47067829
61729744
47922711
65956851
64806405
62769740
62769723
61345342
70815127
63028433
47997974
47733608
45236917
65744411
49314467
62451154
62048384
46402713
65050932
63442965
44468890
48664715
47503092
49561740
63402866
65025687
62048392
18608795
49747126
66005345
63125188
47465034
65266790
69345490
46483179
62451995
62048376
61238911
48899283
49182170
48427195
66185190
46256458
62048473
63782723
49888447
64018202
62451219
65050886
70626481
47490535
47998466
66598842
65028261
47721502
64202976
47814403
63782821
48770167
64269779
48842605
61664774
70862761
49591096
49460552
48807338
48809454
49558315
48342696
64018971
63782693
60337761
65337174
48899267
65050754
65942884
64990851
65841654
18608515
48664707
66341973
47184663
65019121
26521296
65942302
61729825
26521873
26520044
68381077
45180580
60160276
64520447
61729833
61345181
61896071
49747371
61731340
60254394
62543083
48427683
47922656
26521881
60154357
63787504
48428167
18608779
65744403
65050771
63778491
64268411
48460869
66185203
60820713
49440551
49439791
65764994
62444255
49744968
26521890
63124904
63124831
48343757
62052713
48739499
47720751
63531534
60096519
45214891
63699559
60801930
45239886
65025792
48898716
48471208
64707342
45214956
47489928
69000484
69987238
63515563
64686817
63531372
15060721
47810513
60154535
48739430
48471623
48329801
65018524
26521903
48005495
49295896
66342279
65942221
64268446
47810599
70234663
73632694
69173630
63124912
65761022
26521911
46748458
15060543
48898848
64269124
60127473
60083115
62726935
69173621
26521300
49747495
65893476
45658757
45215154
65942329
65942035
64039528
47814411
66344212
61985694
48381331
48427691
65051068
49440829
67798918
47810386
48489000
64806243
65761014
49317512
64806766
60127236
47810432
48427659
48427756
60801972
69343802
64039498
65028244
49440870
62812815
47863391
65942248
60076879
26521920
63778106
69594384
64018041
63124921
47930217
60161264
48326861
48343366
05675901
62769464
62209990
61345199
70902526
66342562
65041895
68997221
64018253
65025491
48650820
49516914
64809846
48427675
62451243
62726820
47997966
45210799
69980454
66610443
62012657
45659974
60154349
65041615
49317521
49561731
65340795
49440756
65028317
64707563
44470321
47490004
64243630
47326611
49440624
68780125
61882968
46307869
62237829
48809446
26521962
60802014
48771031
45180571
46256466
60821078
65028201
63778211
64018199
64243613
60818581
64843858
44468997
15045536
65763041
60077263
60127635
48428116
48805572
64269370
61985716
60154152
66598869
49520512
63913224
69057087
49182188
48343684
66364001
65050941
48739481
69594392
48428230
49439502
65019148
62543148
48838306
46998314
49440705
26520702
47003201
62769332
26521938
43764070
48343749
61896098
48739502
64479269
70626456
45658749
47810327
46256474
62695851
48147770
48148121
45980624
45983313
47810441
47489880
26521946
48927856
46745581
49440543
66363608
48664014
18189857
64018032
64813151
26521954
45180385
48807354
70541655
63782596
66341957
18608809
60275685
49087339
65942191
60104741
46524002
64268420
63557584
48842443
66182247
62012606
45828032
68407009
62858441
45658731
61346080
62769324
68999143
62351303
49591207
46998357
63782588
66363292
60821019
63913861
46254960
65914333
65806221
48739715
66185211
61729914
18608361
48471666
69594406
70902551
66598877
49460072
48838268
65025598
15045706
62237730
44469977
60801921
26520958
69987351
67006159
48807699
46257951
49317059
63438682
48898732
61664588
46254986
60253797
65687027
65942027
69594414
60801964
64864308
64201708
67006175
47489979
49440519
62542338
62726960
48471674
66984271
66344239
60886561
64201741
48808024
63782812
68380461
46770046
43961533
26522063
64707555
62673386
65336356
63556812
66185220
64268918
63788268
49296221
64783235
64686051
64811867
64039510
47920530
47020997
18609121
42766648
44937741
46998101
48282405
64707261
46452273
49440837
65806328
64243541
49558226
49747541
48842630
62237764
63782804
47002409
65050720
65759516
47072521
66743257
66185076
45374856
46749217
67154930
66597307
63782715
45035903
26521318
49888129
63111365
65942761
64125807
46749179
48807346
62726951
60253916
60885467
49855581
49520652
65017307
70893047
65025504
61345300
69092885
61660183
65041755
63438704
68249977
46750908
65050762
68421613
65025725
65028341
60819430
65684893
65893492
69456682
47701943
26522071
49750151
69456691
43763197
26520575
45239207
60337753
48471682
49184725
66342252
65954921
49182196
64269507
48343722
45131791
47658363
64707245
62542320
47920947
26522098
64243397
26522080
62769341
60821001
49561065
61345474
44469900
61751111
43750818
48343633
47919574
63402874
64125793
63124823
66610575
26520613
47814527
49295993
66328489
68996926
68996713
67443702
48842478
70541621
62251341
62444298
64268748
62451081
65339991
61239232
69092087
47810394
61729671
49561707
66362644
64520544
49325884
65715101
68381921
45180458
45180547
26520460
70541663
46390839
70937761
48343676
66984289
46256482
61729868
66492289
48927686
64268268
47920491
49440454
62769782
61882844
69982741
26522101
26522110
63124939
70875715
48430625
69092095
69706263
67440487
46998098
46256491
60662450
68999437
63609118
42716837
18609031
63788276
46257896
65050801
65841671
48663913
47009764
63863995
46998438
63442906
60458003
48842711
26522128
64844242
70862419
68381042
73631728
63438739
60820977
69099898
62769375
48931934
63787776
49184717
68402180
70541671
68999810
42716942
73631345
63863014
65079990
47732202
26522136
49591185
68381051
64018172
61660248
47810521
49747444
49747533
70829829
63531402
65571894
47922648
44468750
47732211
61729876
64707334
49519085
61345351
43763812
62543156
64446719
45374872
60254408
60127929
61099325
64844234
63782758
48898741
66984297
64843891
26521555
46749209
44556993
63438771
66182328
49747142
49746049
64806375
45236852
63778114
61345202
65053095
69000492
63257904
61884332
49747151
61660256
48769924
63787768
65025768
46452290
45180598
61729663
60680075
69000506
46771280
62769359
47224746
65339088
64269281
61345211
62991582
69085374
66185238
70541680
46425896
48897884
61729817
46749187
49296078
26522144
60780398
68333447
62451235
62237926
43498345
68726821
49747134
65050991
65336372
46484779
63778238
47919698
66610583
63787997
69987246
49124081
46749446
65079981
63913186
61729761
64125696
45235481
47489910
64243508
44937491
48489042
62237900
65336844
49317202
60820951
65806255
49461362
62237721
60382856
62951572
46402101
48842524
46998331
66389062
62673505
63863987
63913241
68997248
62237861
26522152
48842770
63531429
46998381
63782740
65267125
70541698
64242960
26521326
60154403
47920513
63263513
65265408
63913844
47477849
60160071
47723301
70905754
47733900
65050690
66599661
63788284
49123939
65471571
48329304
48739723
48428141
26522161
70879681
44468962
61729809
62251368
62075896
62769791
62014781
60096501
66341965
46277307
26522179
62695941
64018318
68379188
49520504
61345555
46746587
60886552
62769804
64018024
68381948
62351320
68997001
46483306
48427811
65983548
49521179
48380814
65050878
64844251
64018237
62769812
64018016
60118181
62769731
44557001
62693271
49295438
47478144
26520401
66112621
62352610
47863030
43498469
60885149
48739448
65041771
62237934
69594422
60127911
61985678
64268276
60817844
64243419
48842451
48807991
65337166
48739464
60802243
62077937
70541701
65767411
64811859
66341477
67798926
65050843
49748289
43762999
46998322
45658722
67006167
48770841
47814420
65015592
63782847
49558323
70862401
62695983
67774121
68999160
49440730
60820985
45376450
61345369
65015100
63531399
62542184
15045498
66185246
66597285
61884324
48428205
62991574
61345504
70902542
49558234
48739707
65079973
26521733
70862362
47930357
42717566
45599645
62451031
70237468
48927635
48145912
61743607
46772537
63913437
70902569
61882917
47786744
48808521
45657114
47501201
64125670
47720778
60253835
15060501
26522187
48003590
46998420
00543080
48770779
65803779
66362661
45035938
60886447
48471691
67006108
65841379
49314599
49747169
61729892
62450956
60818646
64813835
15054811
62695932
70825980
63124947
65744161
70541710
48931926
65336836
62726846
60818654
48427705
42726255
64707270
67341993
66185254
64201732
60152770
62543113
49747461
65264291
48428264
68997230
65108060
65025661
48665631
65018427
65028333
66342571
63124807
47732253
64125742
62237918
18235077
47721529
63788292
64202551
64707253
60118199
64201724
61660264
64269761
69173613
45659991
69099871
26522195
49539841
64018008
64389782
26522209
65079957
48809471
65264517
49520539
47814977
26522217
49521152
67027695
64707547
48898619
49181611
48770736
64601871
64018326
66341949
62444239
70541728
46452281
47656247
66184941
18245803
62695916
49562436
66185262
70862745
64782972
63782839
65744179
65687001
63788322
48807982
48157287
61345326
49440764
48343765
62769138
60118148
62540343
69000204
26522225
26522233
61729736
48843059
68381085
64520641
49864041
64018610
26521334
48380920
63263483
48428248
48221431
49562401
61345229
48843041
65942396
65041887
64202968
64812782
47489961
48770604
49314459
65189582
48428299
65050738
60118156
70937753
66341582
64806367
65983831
47721511
60460474
47003197
46748474
66362652
63787784
60127503
65051017
65265891
48807907
64269442
44227663
47810335
63788331
43498027
65687019
65266129
64243460
43378790
48428183
69987254
49591126
48770159
66599679
46452249
64268799
48838322
48771040
66185271
65340787
48842508
47998288
18190341
62251350
64125858
63124955
44160062
60801956
66342295
67027687
63438691
48343731
62012665
43764045
63787547
70541736
47010916
62931091
62451073
62769821
47018585
65744438
26522241
65053087
67007325
67006183
68784805
48471780
66341876
61660191
49440977
65018273
66362679
44557019
48770761
65050703
66363616
48770809
64268454
48471755
60103213
49440942
63531542
60884436
46717242
46382348
42743044
62251384
62695827
18608949
47732261
46257900
66599229
65765923
65942876
68380721
49753011
49312138
26520630
26522250
26522268
63285339
62858432
66598915
61729728
60117729
69987262
62251309
60885726
26520729
49460081
65760158
63285355
61660272
68999127
49181556
69000212
49528564
61729787
70541744
62858157
66342546
46256504
66389119
65051025
43315640
69092117
64520111
46256512
68999089
26520486
48895661
61729701
65264614
68378211
60821035
63893924
48809519
48842494
64813878
63438780
68318006
60816309
26522276
70862371
65942400
48664405
49295420
60127481
46749225
62209957
70861625
62951581
63556821
60077255
60103094
63913259
67341985
69987271
48898759
46745572
49181882
69099812
61345318
64018229
47018569
64268781
47814519
66185289
48898830
65079965
49087592
64520463
60821060
62726862
47997940
44937431
26522284
70626499
64520439
62540572
49862341
47733951
64388557
18608957
61905194
64018164
49747517
47009756
48898767
65265246
68381930
47863307
48664383
62695886
65841697
63778220
61345491
64269132
48326470
61660078
64125688
65841352
49440926
47810424
70819777
61882836
70541752
48899038
65050967
65336437
60886048
48427616
48427586
48427594
48427608
48769932
48769894
48427624
48427632
64844196
60818701
47922605
70893471
65025750
65025601
43753281
64988112
65041909
65018435
64269388
49325876
60160284
47810483
47810475
45236887
47815701
64018156
63804841
47569484
60885718
49316885
63263505
68899050
48838284
46749161
67338976
66341884
70822620
64812880
62695959
70626464
49460196
65941586
66185084
43764061
26521121
45210471
62348019
68145543
48809365
45210462
49593714
62348001
48804118
45234019
48808997
45210543
45210021
45210560
73634069
68308621
45234001
48429716
45210144
45210527
45210586
45210446
47861185
64243648
49750631
48898775
49317539
65336348
65265793
46257985
46257977
67341977
64813801
46257861
48344486
47922729
70862788
61729680
63557525
44125909
61660281
68421877
26521164
66342481
18190359
60860944
26522292
49591134
60818735
68435720
46998110
47810491
73633747
66609739
70541761
63442931
62543130
64243478
47858575
66743265
48809527
49295918
48772119
64520471
49440691
64520650
48898945
63438755
63778122
62858513
44940203
26522306
68382448
70808881
60885475
44478976
61632236
69085404
65041488
45180181
63402831
49747509
49755765
61345512
69000662
47786809
65108078
44557027
49855565
65337182
48805203
69594431
70893055
62695894
47018542
18608965
66342414
68899068
60336358
61903353
62052730
48807702
49317156
49561758
60083123
47810416
65050797
26522314
66185106
46256521
47922630
26520966
65942019
49747436
48328723
68421885
63515555
49747380
62451138
26522322
26521008
60819448
44160071
73634344
45330751
45332835
64355985
45332487
73634883
45330743
48770825
48343692
62768981
65041712
46998179
18609139
26522331
63804867
49558242
61731331
64520943
26521741
61345423
66599164
69154660
65942311
64125734
48471763
67027491
70953007
65025717
65025709
63515547
48489018
63778157
64601862
65025563
60254530
62673513
26522349
49295900
60818719
66598834
49440471
60117737
61664596
46257942
68380453
64884601
49539761
48927732
63893932
48428132
49828801
68999658
45180229
46457437
49747410
66598893
44159994
48739421
70541167
48473642
65264002
66599148
70897166
63913836
63778203
62769391
60103639
68784783
46256539
66363306
18190332
43764037
46998241
65266803
61660213
64844226
67443885
61632163
64269353
68081502
44557035
69346054
65028252
26522365
62543032
48159913
47920505
49295942
60885131
45180199
45180202
49539779
49182153
67027504
48808512
60128283
64269141
18381235
65025512
26522373
49440659
65264932
61882925
64520617
05693161
62695819
62769472
64783448
49558331
65763793
49439995
47922613
26522357
65763050
65941560
48471704
61345458
65744446
46998268
49184407
48739405
62251317
47920955
65050819
62673343
47810581
67341969
64125700
61731323
62542311
64268721
68380445
68783787
49747177
61729884
26520494
66609747
48898783
64243486
64018245
60117753
47489995
69987289
63438721
67006124
61345466
48380709
63263521
67154921
68435754
63557606
61664766
48898953
64686949
47812281
62075802
66545013
47930411
26521172
47018593
64520609
67443877
64018628
60821108
63438658
67341896
60820721
70641757
61345521
46748466
49543024
65018397
46998195
68422261
66492955
65942337
65744420
65471563
44557043
70626511
62450930
66342261
70879672
48809497
42743036
68210094
66185301
44469004
47005653
70541787
49460153
68380488
60885459
49558111
65050649
62451111
62769308
60117745
48842486
48428175
60160063
49327259
48380822
49295888
64269167
42866537
60884428
43500536
60801999
45599688
60821051
64242978
49460498
61729779
46998225
64844188
47920998
64268438
46769323
66185297
70541779
61729850
61729841
65763807
49296345
64211924
65028325
65025741
67008518
47997796
63438810
67008500
65841662
44556861
49295837
47005688
26522381
60154144
70930201
48428094
66185319
46256547
64268764
44684231
66185327
63556839
62052748
65050860
49314602
69173605
47930250
26521539
48739413
63442949
63782570
47998075
60885688
26522390
49591193
46452265
65025695
64707539
60253819
65051050
65028295
48838519
48427187
48771007
46998454
65983530
46749152
60253801
48771023
67440045
45831050
65267133
66598851
64813819
62994794
61729949
64479277
65761006
49797603
15060730
65942388
65336828
47491671
60104368
49184679
18608817
65050827
61660299
67010431
67177581
49591541
62351311
60886030
49314980
49520521
26522411
64809854
48770850
70541795
62351281
60801948
70525111
62540335
65050916
60161281
70536724
47810360
49747550
65471466
61345547
48807966
68833628
65268962
60127091
63778165
60043253
47720760
62451197
69458308
63293293
68780486
67443125
66341931
62450689
49561715
44557051
61882852
48770795
47920556
47815299
70541809
60886455
62698028
70541817
48702129
65341775
60127341
49855557
67984169
60885670
49590952
15054730
63124980
64990869
64812928
68435746
48473626
26522632
65028287
61729710
47815795
69099855
66289106
66182239
42726263
63778149
65337191
68381069
62237853
49440535
00558389
68381484
43776493
62695878
65942230
68435738
70867941
70862711
44160089
16390105
69345481
63782707
48898791
60118172
64018113
47998598
65025644
65942868
61345539
26521750
45374848
46456082
69000590
69173591
69173583
60127724
62352628
49855573
49182650
48808768
61985708
62048368
48471771
70541825
46717943
26522420
66342287
47810459
67148077
65018419
48333069
65841344
68782730
48343374
64018989
69456372
43751954
48427942
64816346
63438801
66740134
45180563
66185335
64202950
68521723
63782936
70833389
48005908
47489901
46257934
68781431
64843882
26522403
60160268
64270033
68177411
62727401
48809543
63434121
65806247
62695860
46256563
26522438
48430218
67798896
48664391
65267117
49182374
64202569
18608353
69860963
65108051
44557060
47810556
47005629
66362687
67154948
49182358
47810351
65763785
48427764
65050851
48770612
46771581
62691210
47920971
48471712
65571983
49440918
67026460
48428108
70541183
49180029
60127872
63438763
48805220
49440527
65806239
64806413
47810343
65016963
65016971
47998067
46256571
61345237
66341922
66344760
60821043
46749454
63557622
62237705
26522446
48898571
47919973
62769839
47733721
69092125
64864294
26520583
67027075
62543172
42717132
67676278
64844200
67984533
46257853
18252303
46998411
62797620
45180211
60802006
65050894
64268306
63442914
60816317
64018105
63285347
62237845
65011449
63782685
60818727
48807893
45597626
45214824
64125769
62726633
64446701
46257870
66341914
63778084
47920548
46403540
60820705
44937768
47919957
46406697
47810319
66609721
65018401
47500310
62075331
65763769
63913275
43254403
46256580
48005541
48809501
48427926
61345245
66342406
46771301
66182981
65050657
65888901
45215618
48838314
44557086
16977378
26522454
26522926
66389011
26522462
63913267
63531381
70133051
40995356
48842516
48427578
65268831
48427560
44160135
48427748
68726520
65050908
64752658
18608931
49317938
48769908
60128551
26522471
48428221
62237748
63109794
65028279
63787750
46745220
65028228
64861899
64243532
65336810
46452257
65471555
69860955
68999801
66342392
64884996
48895369
65264525
48842621
65019181
60060581
44684240
48326593
60253924
64268730
49440861
47498641
49294083
64843874
63782561
66342473
64771288
63438712
67440053
65266234
65041763
49182668
63557509
73632473
63787806
63787792
46523944
62769189
48805581
66599687
48427713
67024025
47810572
46998349
43764606
64125840
49747592
44557094
69000182
68081499
26522489
62858149
46308831
68999151
70132593
48838292
62769499
49182331
66984033
45180539
64095576
47489952
64806081
26522519
62769120
70132216
69099847
46998446
64270041
64270050
64269035
62769383
26522527
47810301
60818638
46402705
60161710
70131694
49314971
70103674
62769502
66185068
63442957
48428191
26522497
60103671
65050959
48927848
26522535
49591461
44557108
64268756
48471089
60336366
67798934
26521342
49558340
66597382
48770175
65687035
26522501
49440608
43465030
64202992
65942175
70541175
26520591
62237985
68381468
68997213
61345385
64243389
68407041
61345393
65265106
64520081
61985686
65050983
64864316
61664502
48617059
64327361
65348681
63108071
26521989
48548791
45251703
63438828
61896063
60446510
60437502
70100594
26520745
18608621
64327418
48137791
49367307
67981178
62932462
64327680
00676527
64327370
44846347
64328074
49368591
49280678
26521270
60432420
60436930
63111349
61380652
65996721
49855590
26521997
26520737
49625870
48549878
65269276
26521971
64936473
64327299
49625861
26520796
64329143
68383959
61381730
48136034
61379701
68405804
61380288
62932454
60433825
63836866
65993837
63110091
49624156
18609325
63438666
60554274
64327728
65050665
67025901
65353081
48137448
64326594
62160419
48550116
26520532
65266285
49440594
63111357
60436298
60459549
65400127
61380792
49629131
26520672
45246131
49440446
48551660
49371479
60435534
48549860
68405791
67362117
60434279
15268608
61382205
63828618
62940872
48136760
64327701
61896047
61383201
49278151
41191692
67029728
67025919
49367196
64327566
64327353
26520516
48137456
61100421
65050142
64326314
26520664
61387860
65265386
64329127
15270181
64813886
65571932
47792485
66984301
48808016
60126914
49747452
60680083
46257918