
48489034
64243621
46256598
46256601
46257993
49543008
44684258
61345407
48899658
69173648
64812791
48343706
65266242
65336330
49317920
66341906
48809462
46308385
62444271
49440586
67798489
61896080
48809489
70904316
47462728
63438798
67007341
60127881
48807885
44556870
44557078
49747584
66984319
65471369
43751148
49797611
48842583
46749241
47084456
66185351
63914158
48739693
48739456
48473634
48739677
66362695
64269302
64707521
61234231
60680628
49440560
46457755
49561685
67443869
64243443
49543016
61729931
60104686
49440748
47733918
47795760
60104317
46956484
68405464
62769146
62237870
65025628
66344204
63557631
61345482
67675948
64813827
48927643
68407475
70817910
48427721
64018121
63804859
63893941
47721537
66288096
43378889
44470223
48842541
47810467
66185343
64201716
64125661
65804627
44557116
60253932
47813636
47810505
48739511
48427934
67341888
65760131
60680067
62075225
66598907
68380470
62727397
66342465
48471721
63782855
48427730
64269515
48427641
60154331
48664570
49520172
61896349
49440632
47489855
48772054
26520559
64707512
69174296
26521768
48430641
46749519
65041623
48739651
65019113
44164122
64125751
69114404
60336200
67024718
62769294
47810530
65025521
65264428
65265807
63257882
65025539
47920980
48739731
64018091
49561766
64814360
49747576
63438747
61345440
15060551
48770817
63913232
64018148
65339550
18608787
49440616
60096527
65025610
65715110
68999798
47814501
46749233
49296086
47930454
46307851
62181416
63913526
64268292
67027512
47084341
64039501
48808008
64203204
60154527
46256610
47863048
70826005
61924563
48842702
47998555
64125785
48842460
42887275
63292882
61664618
48896837
69092788
26521776
69085358
62543164
62237837
69099880
62543121
61664561
61239241
47899093
66005361
70862737
49440900
61664511
49461796
47489944
66598885
47922621
68996705
45657122
60801981
46746251
44937750
60102900
62444280
64520561
68435762
65893468
65893484
70825971
49440993
68784791
65942051
62858521
61664600
64125718
47810408
66365074
67007333
64018083
67440070
62451146
61985732
68405481
46311394
49295951
47003588
68999119
26522543
49746332
64809838
61345253
47009748
48739341
63124998
60662689
61234222
48807877
68381476
45599378
48838411
48838462
65041526
70418110
61345261
61345270
65336364
26522551
49747401
66185114
49517295
64243451
49295926
49460901
26522560
65803761
44478887
67341951
64224686
45845077
47922664
65028309
63913879
64018270
49521161
63841070
67177590
48428213
63788306
65041518
64201759
70889287
65050711
46998390
62769855
65941608
64520625
64095584
49295845
46998365
66984327
62726978
65019172
49317911
62237772
65744144
48664723
48739669
65266226
65025547
62352636
62635999
47018551
48380792
18190383
49460897
46402021
66389071
61926787
49460188
46402110
69085391
61743593
26522594
48898805
48898813
48899275
65339045
26522578
70132208
48739472
64243371
43765441
67148085
62797638
48927678
60885696
62726854
46998306
49747398
68999135
62994786
62251376
47918934
48471739
26522586
63787539
65264070
64269345
61743500
43762581
65571771
66344247
44478836
61345431
47224738
69085382
26520648
48430633
46998462
48842613
62450948
70819769
47922672
44557132
46425730
62797824
65041861
66363284
46745556
49314611
65264703
63125005
49746146
68783795
63787989
65051009
69981728
60154381
65041721
62769481
62991566
67798870
48430293
46391509
46998128
65025784
49295870
64201775
48771015
66005353
46402403
44018762
44125917
46998187
61896217
44477422
47699248
65268504
65761031
46406743
48739642
44557124
49561693
15054756
65050975
66341892
66288088
65764064
48428086
26520567
65028236
73634395
26521059
73633771
15890767
73634166
00408026
00406929
03922499
03941582
70866627
70896089
67340296
73635723
03009211
66364060
73633127
00487597
73634140
73634158
70943206
26520834
66365228
70852634
70886881
73631680
63554381
05091675
26521695
45659541
73635707
66111064
68455607
66112176
68148003
68917015
60160837
73635499
03008444
73635481
67981020
61380121
73633534
70894019
73633801
49742078
26521709
65496892
63557428
70852065
26520770
66111528
63696967
64123766
68244479
65823460
05055431
73632392
73635472
26522012
70950466
70284920
73632406
70949743
70944792
70417997
70929998
70944806
66145538
64122867
64422496
70936773
63778637
26522608
70812306
26522683
65890817
73632481
26522641
68983662
26521377
26521806
70234787
26521474
73632422
73632431
65493877
65494288
73632961
73632449
69206058
26521521
64479218
64422534
26522675
73632457
70939489
64668690
64806987
73634719
70935050
26521466
73632261
70925194
64668673
69156565
64122875
62731068
70939276
73635456
63443295
26522624
63555565
68321155
65891163
73632490
26521431
73632503
64122484
70942170
63731282
64422488
63455315
73632716
64039552
02253836
73632511
70951110
26521440
73634492
62451979
70039950
70283281
73632520
73632538
73634328
73632546
70942161
70909083
68941641
73632554
73632562
70950237
70860718
66933412
66933404
73632589
26522934
70809941
73632724
64733718
26521423
26521784
26522713
73635464
73633798
26521091
64936821
67360718
68402619
70152489
67338887
73631086
68726040
26522021
73632601
63155494
73632619
70566402
65528646
70909091
73635103
26522691
73634336
70946701
73631078
73632643
26522616
73632651
63443287
70949301
65341121
70283273
64122786
64122492
64122778
64202747
73632660
62832701
62832719
64203441
73632678
73633054
73632686
26521482
73631060
63455307
26521458
69609993
70906831
64202879
65888499
26522951
26521792
73634654
70039968
64668681
65758455
70814384
73632708
45657289
73633216
26520052
65760735
26521148
26520061
60884029
73634735
73634816
26520079
73633291
26520087
62536168
73632830
26520010
26520095
26520109
73634301
26520125
26520117
26520133
70305234
73635553
26520141
26520150
70883751
26520176
26520168
65928903
26520184
62075683
70582769
65687523
68299311
73635529
26520192
26520206
73633704
73631337
26520214
26520222
60783516
73634701
73635049
26520231
26520249
73635367
26520257
73634077
26522721
73635073
61381853
73633666
61380989
26520265
26520273
73633267
61382191
63110636
26520281
26520290
26520303
26520311
73635031
05690145
26520320
26520338
26521717
26520354
26520362
26520346
26520419
73633623
73634221
26520371
26520389
73634506
73634204
73631787
69764107
46750517
26520974
46745815
47695145
73633569
46745645
47930098
26520982
73634352
73634760
73635421
73635561
48678074
47477610
65082346
73635669
73635570
73633542
73632970
46459456
73635642
45598029
73633551
48678066
44472749
46745807
73631132
73632333
73631426
73631141
73631515
73631159
73631167
73631604
73631175
73631710
73631701
73631434
73631531
73631370
73631442
73631183
73632414
73633976
73631191
73631540
73631205
73631558
73631043
73632821
73631221
73632350
73631230
73631248
73632627
48513296
73632279
68334591
00406902
49465023
00676560
46773878
73633763
00406899
73635171
00441082
00445312
65468562
73632597
73634590
45247641
66739373
03659925
26520001
69898405
73633593
00406139
73633062
26521113
73631779
00445304
73634514
73633780
70876339
73635138
69780145
46259830
73633151
40524566
73633348
73631329
73634743
44936109
00569623
68780001
70511322
67675379
67360491
67983359
69456267
68898959
67007627
67027989
68081863
26521725
68208219
68333137
67028314
65248503
67365337
68246455
64045897
65983131
68544740
67341128
64840646
26520656
66111552
68435614
69347042
68781849
66110602
62015061
68343876
68158041
70582955
68149280
67341306
68213409
66144183
73632384
68783221
64811433
70813353
66742986
69650101
63777916
68157908
70157065
68911637
69152985
66598257
68422539
69109656
65079841
66362946
68781997
68149719
68404727
68780176
68998678
67340563
67981232
68784309
68941498
66145414
65341201
68429720
67007457
67011349
66110777
66111811
69292370
68209355
68429932
66365384
69547882
68157720
67980929
73633488
26520036
68689055
69292388
68208227
66364167
67675255
68344023
67340512
68347316
68177577
67341390
68308752
65469054
65497627
65666330
68521987
69547394
64355543
69767645
70103666
68382413
67980643
68404875
67982514
67360386
68405570
65400216
70103500
67779123
68379757
69061173
67338747
67677819
64438732
68997264
68157827
73633038
68298323
67727905
66113229
68246684
69766568
70567387
68520239
68245840
70129886
69703256
67176933
68817932
68148313
67774407
68521201
68921233
67341675
66389178
69175608
68784317
68429177
68686170
66110882
67027253
69099944
68158092
68209363
68429894
64439852
63153459
68081928
70418730
68911645
70847096
68177445
67441947
67728243
67011187
67443559
68208162
67008330
68436068
68685866
66598982
67007201
68402686
69624569
04323513
73635201
73633313
69609764
46717951
73633259
70103259
69765570
73631647
73634255
73633381
48739201
65050398
67025897
73634263
47724242
49465473
49888421
49753231
44224371
41031717
49777122
61515434
44555181
00562602
00445258